5065.548
